27665880
27872355
27091688
27482539
27766051
27264889
27403942
27850397
27470919
27935521
27002516
27499631
27259225
27085468
27864693
27077563
27045979
27705306
27934167
27053027
27213220
27294456
27297738
27137438
27670786
27787312
27792440
27395620
27332100
27208918
27021362
27065325
27318757
27878803
27470153
27078788
27854412
27117689
27363260
27385789
27543472
27437570
27109339
27777253
27388245
27891832
27806600
27971853
27886508
27263145
27132221
27873061
27784782
27051563
27728628
27321881
27714615
27389678
27471716
27291024
27311759
27896300
27284732
27250810
27105219
27862084
27769452
27108257
27669628
27301779
27256583
27258262
27369989
27624031
27117164
27697637
27557943
27208615
27991470
27326148
27041526
27909552
27982385
27757530
27333831
27854635
27829778
27245427
27273716
27976808
27227941
27946327
27423653
27035437
27298139
27957428
27617669
27009292
27688130
27822695
27510474
27784325
27591867
27074172
27573913
27151526
27182019
27064798
27667656
27325396
27665516
27628053
27118322
27798949
27635349
27017318
27993440
27394426
27435076
27448294
27207577
27672653
27769564
27090725
27026518
27093655
27210534
27981528
27030172
27684862
27438779
27758604
27850848
27484223
27968176
27420243
27197927
27043440
27574866
27900702
27058186
27302720
27728659
27998124
27912712
27079255
27957502
27632076
27919856
27053323
27019546
27845782
27654504
27496036
27095474
27920748
27344480
27609596
27114897
27600854
27813395
27661475
27383935
27537230
27076016
27432215
27206892
27953656
27266657
27030688
27229555
27167123
27902009
27118134
27717101
27125262
27718650
27087808
27610419
27144764
27383733
27129261
27474231
27069313
27710685
27938040
27553275
27812472
27492537
27732965
27873604
27896544
27866259
27908882
27894627
27149825
27445088
27355688
27007357
27328115
27331083
27753652
27730732
27490693
27684624
27490855
27992720
27114307
27200389
27703887
27499041
27758480
27099519
27644108
27283268
27825922
27308726
27077990
27548383
27178715
27517462
27123646
27320668
27043915
27755517
27489219
27709208
27400820
27258668
27198042
27201275
27774953
27585563
27630215
27303216
27496263
27063382
27625310
27176252
27721643
27651548
27531668
27297973
27365601
27088791
27981001
27424645
27505793
27101416
27058835
27743025
27324073
27069860
27419999
27654023
27135125
27788831
27768082
27362802
27445269
27671436
27353376
27649729
27330971
27812858
27945899
27082025
27197068
27029659
27198611
27803373
27082630
27128549
27751270
27853458
27017191
27250166
27117175
27081150
27148520
27793764
27635566
27051312
27154737
27331112
27136704
27418650
27256702
27198474
27710817
27160593
27235395
27126211
27444484
27697143
27593191
27878944
27351055
27379417
27240672
27870046
27311894
27565844
27963170
27298572
27675441
27975009
27914247
27782791
27661504
27824756
27049607
27298374
27420635
27336846
27808689
27844031
27278569
27866724
27787065
27446945
27335299
27162349
27694758
27827236
27186910
27198550
27778198
27207552
27745374
27090825
27531003
27297674
27741399
27793635
27795474
27488078
27258726
27951613
27601458
27428731
27393566
27284693
27062916
27115396
27884709
27396693
27540054
27142474
27945809
27424603
27704279
27274709
27330488
27437841
27462840
27936263
27399905
27441776
27225300
27484024
27411140
27152892
27243237
27293952
27962432
27438255
27360783
27781473
27524107
27704280
27084200
27191300
27953433
27920253
27579231
27328649
27898244
27188757
27420658
27816087
27779505
27065382
27169605
27155778
27926680
27243493
27491737
27275710
27818094
27413939
27605509
27988970
27452678
27667477
27405877
27481078
27077654
27785161
27124208
27925361
27061319
27489243
27319071
27342915
27989839
27963832
27374766
27868353
27535004
27640531
27271082
27911155
27055465
27791105
27550359
27529024
27809460
27422342
27856792
27514615
27457832
27423324
27594769
27705846
27843393
27996619
27274650
27994107
27198816
27922800
27434464
27312124
27186213
27171945
27676866
27653219
27299686
27590826
27589091
27885593
27890205
27220115
27714781
27140420
27997436
27502496
27361440
27966232
27756907
27180155
27917096
27687379
27404691
27125187
27064803
27817140
27930066
27313971
27632846
27537892
27192508
27610976
27815613
27390484
27384312
27918681
27055076
27098284
27158291
27530816
27426050
27743098
27073358
27928591
27784316
27988722
27693592
27822571
27130703
27035396
27492706
27168431
27624800
27972569
27915811
27093062
27273568
27446315
27456411
27043812
27228438
27060754
27888893
27289448
27963629
27710636
27438506
27391109
27497464