1077
3933
8330
1461
3940
4057
6952
4210
6678
4232
1834
1487
9361
7631
4588
5318
3646
5146
9116
7406
7915
3890
6697
5802
6592
4183
8205
9128
7191
8244
8554
2888
1209
4051
9189
8848
2838
5561
5578
7999
4930
6966
9052
1775
6476
6431
7277
9874
2197
6694
1001
1852
5218
6019
8095
1180
6898
4697
5879
1213
9330
8534
7212
9091
5044
2962
9824
3003
9484
1031
4975
7900
7455
7970
5127
4467
2785
1598
4337
4676
6313
5540
5952
6059
3704
3170
3561
2696
5279
6662
6874
9504
1319
9711
7048
3674
7609
6247
1745
4252
6601
9831
5010
2862
6702
8779
2837
3751
7537
4879
2758
9664
6928
7709
3931
4998
9847
9946
9711
5438
9487
9400
7957
5281
5721
2186
8741
6330
1040
4601
3482
1138
6489
2339
4108
9409
8385
9279
5680
1380
1053
6249
2868
9959
2021
5339
1027
6557
5579
1013
5574
6703
5744
1289
2285
6703
3058
7953
4628
7406
3557
3070
1744
4221
7230
4510
3807
9586
5842
6060
5327
3988
2838
1846
7855
9118
2459
5276
1500
6269
3559
9151
8314
4314
5790
9398
2109
9564
4241
1027
7419
4847
6092
3099
5543
9026
4176
7181
8911
5251