109455
117168
139366
139088
192708
105072
159027
109829
115431
163639
151601
187550
159369
172106
167175
109529
120593
113588
147282
117070
122563
183112
183256
179947
135253
150184
167009
166142
110761
100448
151322
186407
124850
178982
158267
172147
118652
193546
192957
109374
133578
199805
181296
123761
182070
172702
110601
109568
189018
153870
198648
122135
119740
167166
196432
140831
101971
130375
142925
126604
185093
152583
145646
126103
125436
131943
158463
177392
177505
122193
190506
116221
199703
133154
183172
131351
125735
189764
100773
199462
164756
138321
172570
114889
121536
160523
168517
124937
171141
142521
167854
187788
145169
140107
144857
177007
165096
139865
185289
135184