12 61 41 80
95 64 78 87
38 94 62 49
40 45 28 28
39 83 33 68
48 72 35 70
73 55 81 10
13 20 45 89
67 11 30 36
57 17 80 12
53 93 97 81
44 79 20 34
66 55 98 71
37 69 18 14
59 99 17 51
63 16 65 36
42 38 63 98
66 67 94 74
35 90 50 64
29 59 73 19
27 74 83 83
82 45 52 11
56 57 95 68
30 33 28 21
40 85 11 24
25 97 95 37
41 24 19 76
15 22 14 60
64 50 39 86
12 69 38 84
86 75 36 17
27 20 96 45
56 28 61 54
22 33 18 96
81 17 81 79
29 84 43 68
89 34 97 29
26 75 30 59
44 42 52 61
32 85 76 78
36 98 40 62
31 65 88 97
91 85 85 14
27 30 64 18
80 46 92 86
65 12 54 56
15 41 91 54
11 70 32 24
46 48 71 39
44 93 25 47
19 76 43 34
32 99 67 15
13 31 26 53
77 49 26 58
70 23 22 45
53 76 55 79
34 71 60 38
14 54 26 78
20 92 66 43
24 48 79 19
77 10 75 88
96 92 10 93
34 83 88 27
68 44 47 13
70 36 29 21
39 66 95 40
61 50 74 72
52 35 16 82
23 82 63 78
16 51 28 90
16 80 30 43
51 96 86 58
37 62 18 46
75 71 38 82
21 27 39 73
46 56 37 94
89 59 44 53
69 12 67 37
47 26 84 57
22 60 88 92
31 58 69 62
91 89 42 14
31 77 87 32
29 60 74 25
21 52 87 35
73 13 99 24
41 23 41 93
84 99 90 33
32 55 10 19
47 33 90 43
48 94 98 22
46 15 50 42
77 21 42 72
65 40 51 63
16 15 35 87
58 23 13 49
31 25 11 18
91 57 23 20
49 72 17 25