1008 1002 1003 1004
1002 1006 6514 2384
1006 1005 1009 1006
1005 5180 1008 1007
1009 1004 1004 1005
1002 1005 1008 1001
1005 1002 1004 1001
1005 1005 1005 1003
1003 1000 1007 1003
1002 1006 1002 1007
1006 1002 1004 5141
1009 1006 1005 1002
4146 7503 1006 1008
3823 1009 1005 1008
1004 1007 1009 1000
1008 1003 1005 1009
1005 1005 1006 1001
1000 1002 1000 1008
1005 5547 1006 1008
1003 1005 1008 1002
1000 1009 1008 1007
7771 1009 1005 1007
1009 1005 1007 1005
1002 1001 1005 1006
1004 1009 1005 1000
1003 1002 1007 5897
1009 1008 1002 1008
1005 1007 1005 1008
1001 2171 2499 1008
1000 1007 1006 1007
1004 1000 1009 1002
1005 1002 4521 1002
1008 1006 3997 1006
1000 1005 1009 1003
1001 1008 1004 1007
1009 1001 1000 1003
4086 6709 6869 1006
1004 1002 1000 1002
1009 6412 1002 1002
1002 1002 1002 1007
1003 1001 1003 1008
1003 1009 1000 1008
1009 1003 5916 1002
1009 1009 1001 1003
1005 1002 1008 1001
1005 1001 1006 1004
1001 1006 1004 1001
1002 1000 1001 1004
1008 1004 1001 1003
1004 1003 4817 1002